instance 70
H0=20
CMP=50
N=15.0Q=2
Min =5 9 
Max =9 13 
Mu =12 22 
R =[10, 10, 10, 10, 10, 10, 10, 10, 10, 10, 10, 10, 10, 10, 10]
A =[1, 1, 1, 1, 1, 1, 1, 1, 1, 1, 1, 1, 1, 1, 1]
V =[1, 1, 1, 1, 1, 1, 1, 1, 1, 1, 1, 1, 1, 1, 1]
P =[0.1, 0.1, 0.1, 0.1, 0.1, 0.1, 0.1, 0.1, 0.1, 0.1, 0.1, 0.1, 0.1, 0.1, 0.1]
G =[0.0, 0.0, 0.0, 0.0, 0.0, 0.0, 0.0, 0.0, 0.0, 0.0, 0.0, 0.0, 0.0, 0.0]
mu=34
K=1
R=10.0
R0=0.0
C=4.411764705882353
C*=-11.25
C(q) =[-11.25, 9.285714285714286]
I0=4
R*=8.0
P*=8.0
V*=8.0
A*=8.0
G*=0
I(q) =[1, 2]
I(q) =[0, 0]
I0=0
P=0.10000000000000002
P0=1.3877787807814457e-17
G=0.0
G0=0.0
A=1.0
A0=0.0
V=1.0
V0=0.0
