instance 89
H0=5
CMP=30
N=14.0Q=2
Min =1 4 
Max =8 11 
Mu =4 10 
R =[6, 2, 5, 1, 6, 7, 7, 4, 3, 7, 4, 6, 6, 4]
A =[14, 14, 14, 14, 14, 14, 14, 14, 14, 14, 14, 14, 14, 14]
V =[2, 2, 4, 3, 2, 4, 1, 3, 2, 5, 1, 4, 4, 4]
P =[0.3333333333333333, 1.0, 0.8, 3.0, 0.3333333333333333, 0.5714285714285714, 0.14285714285714285, 0.75, 0.6666666666666666, 0.7142857142857143, 0.25, 0.6666666666666666, 0.6666666666666666, 1.0]
G =[0.6666666666666667, -0.19999999999999996, 2.2, -2.6666666666666665, 0.23809523809523808, -0.42857142857142855, 0.6071428571428572, -0.08333333333333337, 0.04761904761904767, -0.4642857142857143, 0.41666666666666663, 0.0, 0.33333333333333337]
mu=14
K=1
R=4.857142857142857
R0=1.5918367346938775
C=4.857142857142857
C*=-38.0
C(q) =[-38.0, 5.777777777777778]
I0=4
R*=7.779411764705882
P*=6.91936188811189
V*=8.048780487804878
A*=7.5
G*=4.657142857142856
I(q) =[1, 3]
I(q) =[0, 0]
I0=0
P=0.7782312925170067
P0=0.38386783284742465
G=0.04761904761904766
G0=0.5931972789115647
A=14.0
A0=0.0
V=2.9285714285714284
V0=1.0816326530612244
