instance 84
H0=1
CMP=11
N=12.0Q=2
Min =2 4 
Max =7 9 
Mu =2 10 
R =[1, 2, 1, 2, 1, 1, 2, 2, 2, 1, 1, 2]
A =[10, 10, 10, 10, 10, 10, 10, 10, 10, 10, 10, 10]
V =[1, 1, 1, 1, 1, 2, 2, 2, 1, 2, 1, 1]
P =[1.0, 0.5, 1.0, 0.5, 1.0, 2.0, 1.0, 1.0, 0.5, 2.0, 1.0, 0.5]
G =[-0.5, 0.5, -0.5, 0.5, 1.0, -1.0, 0.0, -0.5, 1.5, -1.0, -0.5]
mu=12
K=2
R=1.5
R0=0.5
C=1.5
C*=1.2727272727272727
C(q) =[10.0, 1.2727272727272727]
I0=8
R*=6.666666666666667
P*=6.708333333333333
V*=6.8125
A*=6.5
G*=12.0
I(q) =[1, 8]
I(q) =[0, 4]
I0=4
P=1.0
P0=0.3333333333333333
G=-0.041666666666666664
G0=0.6215277777777778
A=10.0
A0=0.0
V=1.3333333333333333
V0=0.4444444444444444
