instance 94
H0=3
CMP=20
N=12.0Q=3
Min =1 4 7 
Max =4 7 10 
Mu =3 6 7 
R =[3, 3, 2, 5, 2, 1, 3, 5, 3, 1, 6, 1]
A =[14, 14, 14, 14, 14, 14, 14, 14, 14, 14, 14, 14]
V =[1, 1, 1, 3, 3, 1, 1, 2, 1, 3, 3, 4]
P =[0.3333333333333333, 0.3333333333333333, 0.5, 0.6, 1.5, 1.0, 0.3333333333333333, 0.4, 0.3333333333333333, 3.0, 0.5, 4.0]
G =[0.0, 0.16666666666666669, 0.09999999999999998, 0.9, -0.5, -0.6666666666666667, 0.06666666666666671, -0.06666666666666671, 2.6666666666666665, -2.5, 3.5]
mu=16
K=1
R=2.9166666666666665
R0=1.263888888888889
C=2.1875
C*=0
C(q) =[0, 3.1666666666666665, 2.1538461538461537]
I0=6
R*=6.485714285714286
P*=8.605194805194806
V*=7.583333333333333
A*=6.5
G*=9.590909090909092
I(q) =[1, 2, 4]
I(q) =[0, 0, 0]
I0=0
P=1.0694444444444444
P0=0.8819444444444445
G=0.3055555555555555
G0=0.9995370370370371
A=14.0
A0=0.0
V=2.0
V0=1.0
